6271311
6324190
6406091
6411676
6880203
6880227
6880305
6965469
6965485
6965510
6965527
7030764
7045383
7045452
7045548
7098684
7106619
7139187
7139511
7152456
7217294
7243477
7269164
7341603
7368567
7369359
7447137
7532457
7532536
7627044
8073044
8131462
8133030
8216588
8242202
8290909
8301674
8447224
8476559
8476560
8501504
8770943
8771091
8771445
8774989
8780864
8941653
8967523
8967635
8967657
8968026
8968029
9050820
9072304
9091989
9162522
9199048
9199997
9207392
9220737
9223243
9245755
9256000
9257674
9303357
9303734
9310127
9310736
9311579
9330746
9350032
9357081
9357236
9416069
9435631
9435871
9480313
9503047
9515495
9516018
9525510
9527069
9528841
9534443
9534452
9535358
9535408
9535412
9612876
9612900
9613055
9649155
9649409
9657635
9683396
9702332
9705298
9714488
9714722
9715175
9715735
9717222
9727187
9757765
9770710
9827823
9835693
9846649
9887879
9896608
9921375
9957987
9958842
9959277
9978539
10024418
10024961
10033808
10034849
10061102
10061201
10072237
10072402
10072995
10073491
10084565
10092618
10092841
10111675
10121371
10122041
10122244
10122808
10130291
10130400
10131055
10131059
10131901
10132487
10141370
10143989
10151475
10151776
10151777
10152185
10152428
10168207
10178044
10184401
10184603
10186322
10193238
10203617
10203619
10203621
10216745
10223025
10223061
10223064
10223082
10228983
10240001
10240321
10244619
10250791
10251032
10261578
10265582
10266318
10296614
10311849
10318357
10318850
10320181
10320396
10321719
10322222
10349953
10383091
10405484
10410144
10414949
10414950
10415336
10417881
10424731
10430386
10456242
10457811
10467115
10487450
10487468
10488531
10488592
10490840
10498921
10499497
10502751
10510094
10511168
10524595
10534053
10534642
10565068
10572698
10572798
10576087
10587450
10589344
10622607
10631750
10654088
10655105
10655559
10655643
10655644
10656095
10666580
10725926
10726472
10772876
10773033
10773449
10785405
10787045
10799137
10799138
10799206
10812070
10812529
10812915
10813927
10845388
10845616
10845745
10845832
10853673
10883258
10883572
10886083
10887222
10901278
10925318
10925349
10927772
10935556
10935575
10935633
10935745
10935950
10935955
10935957
10937409
10938599
10955666
10955889
10956686
10958670
10971607
11001641
11001805
11018739
11034220
11090225
11103794
11119101
11156851
11165793
11166141
11210281
11243891
11251287
11256997
11257654
11259708
11269504
11283585
11283851
11288084
11324211
11341221
11357051
11368348
11386560
11397394
11409452
11409756
11434694
11435903
11440733
11442356
11459348
11470511
11470568
11497067
11498758
11506844
11525419
11550038
11580664
11581878
11611203
11636154
11636326
11676250
11685578
11686955
11687807
11688278
11700577
11710848
11711744
11725124
11736734
11743216
11765939
11776443
11778248
11801151
11812972
11814150
11830562
11891877
11892440
11894502
11903396
11905934
11919225
11935349
11963122
11963126
11988427
12004675
12007499
12008147
12040413
12040628
12041221
12044494
12068759
12080884
12098244
12098478
12098517
12115448
12116519
12134580
12160703
12170013
12192273
12197479
12205552
12218682
12218963
12233558
12244399
12268547
12281283
12281643
12282068
12284473
12301569
12301831
12310596
12312614
12335311
12346614
12359046
12362256
12362545
12372651
12375075
12383481
12394117
12405496
12418786
12418840
12419081
12419392
12420046
12434780
12456290
12456387
12492876
12506344
12524966
12533116
12536981
12567530
12568813
12611778
12611827
12612896
12612935
12627579
12649274
12656308
12679605
12690955
12692023
12693015
12725890
12726482
12728800
12728995
12748074
12763298
12774694
12786861
12811911
12823325
12823422
12828429
12854874
12856828
12866504
12867749
12890429
12903554
12903604
12903648
12918574
12921490
12921918
12933983
12966978
12967028
12967273
12967301
12967362
12969114
12988550
12997392
12998268
12998319
13001132
13010888
13010890
13010896
13011001
13020828
13050557
13050802
13066378
13097454
13097657
13099903
13114749
13142576
13143223
13147029
13157770
13161373
13163609
13174612
13188689
13233535
13235165
13248749
13248923
13248964
13249010
13250640
13260902
13265155
13265233
13281767
13292901
13293162
13299218
13307525
13319172
13320697
13321736
13368767
13370152
13398836
13431786
13435798
13436043
13450959
13451110
13467552
13468208
13508087
13523535
13529809
13559904
13580311
13618568
13618576
13618605
13623037
13623703
13643299
13669777
13669866
13687050
13704889
13711487
13716562
13726984
13727623
13732550
13735285
13743765
13748717
13758444
13763955
13781256
13794243
13800835
13800866
13802683
13818556
13836232
13836976
13842739
13856024
13857936
13874816
13896370
13896378
13896774
13900967
13900974
13901522
13901559
13902460
13914330
13919712
13932786
13953871
13967501
13984797
14021551
14046061
14105862
14145207
14145843
14146623
14169072
14169659
14173336
14191507
14198438
14210416
14216797
14239304
14302270
14319208
14348489
14353377
14353519
14372528
14399611
14427760
14427940
14446964
14447744
14448232
14450612
14464196
14499093
14509931
14523630
14544564
14554959
14555874
14559337
14577985
14588756
14591558
14597469
14598684
14600941
14601033
14615018
14618323
14620290
14645152
14646199
14664482
14668572
14669462
14695402
14696599
14696657
14697102
14697441
14698285
14698428
14748924
14800290
14800370
14800490
14835972
14853704
14856532
14891725
14898664
14918471
14921152
14953104
14953589
14981880
15069845
15097167
15132581
15180678
15205714
15259646
15285513
15377190
15388992
15445345
15505282
15506037
15535232
15562195
15562253
15628013
15633265
15638059
15640356
15666261
15670571
15693983
15774913
15775972
15812240
15815641
15875211
15882816
15927905
15988670
15988741
15988936
15992293
16013625
16015426
16065225
16071153
16081269
16083268
16083324
16112352
16137198
16171093
16195385
16219714
16219715
16242251
16275807
16300098
16342939
16343589
16345673
16352627
16364174
16364175
16380665
16384263
16437542
16492415
16529182
16529226
16529567
16531196
16576391
16580832
16612840
16613225
16651008
16667030
16669134
16686902
16688950
16735215
16759550
16761392
16782412
16787198
16819832
16846266
16846297
16846531
16870791
16902808
16961910
17016066
17018515
17038677
17040698
17060600
17073376
17073436
17108281
17109533
17110461
17112578
17113555
17137748
17140281
17164196
17164959
17168572
17168594
17186521
17193693
17214506
17214516
17225646
17252746
17282376
17301573
17305827
17305962
17329002
17369260
17437320
17437968
17502112
17549290
17549296
17602884
17639521
17639590
17644658
17645012
17645069
17645094
17646170
17646878
17690560
17729773
17777525
17777916
17800311
17808870
17812233
17845740
17903099
17918010
17922584
17948412
17948528
17954571
18021440
18103228
18124943
18191028
18214550
18238954
18239021
18268042
18317600
18317657
18371163
18371198
18372498
18405875
18406027
18409269
18441208
18445198
18471555
18477230
18477528
18477763
18503224
18513272
18513463
18517044
18524869
18528194
18530528
18530695
18578020
18598992
18599927
18609383
18609840
18609955
18625271
18626031
18628880
18629932
18668722
18669314
18673131
18673265
18682132
18694069
18721353
18724731
18743732
18767342
18814618
18815872
18818699
18819565
18833920
18835672
18836503
18838620
18858084
18858799
18861731
18881772
18888377
18907459
18908211
18953535
18954441
18959960
18976960
19026774
19028336
19028575
19052460
19056813
19087476
19088339
19088660
19088749
19102017
19120895
19122699
19122874
19127106
19128130
19143445
19175354
19184949
19184997
19185070
19241393
19244537
19268184
19273005
19344891
19365393
19379491
19395443
19418239
19418242
19419690
19419966
19420467
19494001
19494068
19494285
19500125
19538710
19540749
19542399
19565083
19617183
19617318
19635214
19636334
19637936
19662586
19662587
19672550
19673418
19677777
19699795
19701006
19701670
19725477
19725582
19725778
19731215
19760408
19785590
19787859
19791214
19791915
19831924
19863123
19868123
19914622
19914898
19915032
19938433
19941048
19943339
19960976
19982936
19983463
19988605
20010403
20013761
20016529
20040224
20068368
20088471
20088638
20091784
20110091
20140285
20140938
20154982
20156856
20197677
20202907
20219741
20233879
20233976
20250293
20255346
20269454
20272155
20288214
20289698
20296800
20395788
20395849
20419235
20420619
20420639
20420771
20427971
20429539
20484092
20484355
20523010
20523111
20523267
20527470
20550984
20551460
20555641
20606942
20642958
20669301
20685870
20710814
20735737
20763241
20765674
20766343
20791567
20791699
20791909
20846895
20854100
20856237
20857269
20879792
20881942
20884432
20901497
20928618
21006721
21013381
21014512
21018636
21018717
21019446
21036713
21059256
21059917
21060215
21097707
21101222
21132563
21133222
21133407
21139068
21141335
21156836
21157349
21180492
21183617
21183666
21184849
21209938
21212384
21212607
21229254
21257215
21258417
21260647
21261112
21284727
21285442
21287660
21288650
21291316
21306923
21306924
21327433
21327434
21332212
21332680
21351080
21371387
21399680
21399690
21400455
21440243
21517012
21536688
21538024
21538051
21540878
21540982
21541214
21602902
21606747
21606776
21635753
21635794
21635814
21636906
21704981
21729307
21729968
21734398
21739213
21758810
21782754
21808509
21917585
21918560
21918606
21945448
21975275
22009104
22009882
22012086
22012088
22040339
22058198
22061208
22104078
22107672
22141440
22145366
22151697
22152925
22160861
22162068
22162851
22168021
22168803
22169164
22171411
22179885
22179978
22180091
22183911
22184026
22186109
22186199
22192574
22194240
22198225
22198226
22198698
22199291
22206625
22206628
22206877
22208420
22239917
22240718
22248042
22248365
22248605
22250563
22250636
22251761
22251837
22258780
22258864
22282714
22283116
22283936
22284024
22293020
22293279
22293721
22299462
22300204
22306858
22307111
22309697
22316389
22321375
22323507
22328813
22330622
22331008
22336537
22337287
22337288
22337392
22339214
22344356
22344381
22354557
22354699
22356445
22370804
22377271
22377578
22379543
22381750
22381864
22391088
22392197
22392200
22402242
22403372
22412147
22412314
22418162
22418553
22418624
22430245
22431167
22448235
22448256
22448282
22450108
22456779
22465261
22468093
22472443
22497937
22497982
22497993
22505727
22506122
22506535
22514072
22516210
22529899
22531077
22538847
22538875
22543024
22547701
22557141
22558048
22566240
22567190
22569465
22575637
22575936
22592218
22593071
22599972
22600090
22609243
22609288
22609458
22618337
22631627
22631688
22641862
22642024
22642427
22645713
22654114
22661907
22663053
22671989
22672425
22674539
22674651
22676210
22682927
22683543
22683576
22692934
22693268
22693485
22693511
22701839
22704021
22716232
22716838
22717270
22717273
22725298
22746297
22746375
22746453
22746456
22749157
22752547
22755932
22756141
22765713
22765745
22765871
22766296
22775664
22777948
22779526
22784024
22791073
22792200
22792231
22793244
22793260
22806397
22809309
22809325
22817541
22821189
22821232
22846849
22846929
22847711
22857905
22865770
22879287
22880069
22888728
22900665
22920729
22920822
22920876
22935744
22939283
22957301
22957453
22957955
22966306
22968468
22971146
22971268
22971467
22984396
22984397
22984567
23000524
23011364
23011464
23013335
23013377
23013396
23019987
23030791
23030924
23031186
23059711
23067514
23067536
23068150
23068263
23072627
23074670
23080040
23091031
23091120
23115211
23128830
23128884
23135182
23135192
23136000
23136067
23136112
23136207
23136379
23136584
23136596
23145951
23145976
23147393
23153993
23162873
23163850
23165348
23174970
23190332
23190499
23190829
23192257
23207542
23211071
23211073
23211611
23212639
23214480
23214498
23214699
23219195
23223096
23223293
23240560
23254083
23277941
23290561
23298490
23298682
23298741
23300771
23300853
23304310
23305849
23305929
23307791
23308125
23308126
23315954
23325573
23325574
23328119
23340998
23354900
23362458
23362460
23365513
23376983
23377369
23377478
23382437
23382768
23397193
23402887
23402889
23405915
23416815
23416817
23416818
23423075
23439678
23442084
23447094
23447095
23447200
23447355
23447830
23448110
23456271
23476853
23479913
23479968
23480163
23483842
23489660
23502448
23502493
23507136
23507372
23510778
23517517
23527630
23527644
23531928
23540127
23552685
23554490
23554841
23560705
23569972
23572249
23572639
23579649
23582241
23588519
23602312
23602314
23602341
23604179
23620021
23620080
23627836
23629394
23629797
23642360
23649369
23657562
23659262
23660994
23699088
23718982
23725539
23725549
23738459
23744920
23745086
23745185
23755782
23775596
23787832
23788206
23788213
23789042
23794279
23794355
23801889
23804591
23814339
23814503
23814542
23814571
23815278
23815403
23815532
23815996
23816013
23816241
23831100
23831221
23831593
23831594
23835992
23846667
23847062
23848174
23848312
23853944
23869140
23873993
23874671
23874704
23874764
23874772
23877679
23877848
23889856
23890087
23891572
23894899
23894902
23895028
23895066
23908692
23908730
23908731
23920161
23920163
23921353
23921434
23921472
23925591
23925688
23925724
23925776
23925784
23926039
23926141
23936041
23936046
23936417
23936418
23938309
23947692
23948046
23954607
23954609
23954639
23954657
23977042
23977163
23985184
23985264
23995857
24009043
24009094
24009289
24017696
24018238
24018530
24018622
24033124
24033147
24033847
24033876
24035988
24048666
24050064
24069033
24085636
24094941
24104758
24117704
24136114
24158737
24158870
24159000
24160014
24174702
24175975
24185442
24185767
24196270
24196313
24196483
24201027
24201661
24202111
24203310
24223721
24225676
24235533
24236379
24237311
24237387
24237419
24255279
24255280
24259268
24265060
24265736
24290353
24290785
24291223
24299358
24303437
24306779
24307107
24307218
24307244
24310053
24310140
24310143
24322296
24325420
24325657
24325681
24333482
24335646
24335710
24337089
24351348
24351361
24359508
24359569
24359600
24363082
24363141
24363749
24375365
24375383
24375446
24378931
24390183
24403458
24421560
24432681
24432682
24432683
24432912
24432913
24433149
24440522
24440626
24458232
24458364
24458600
24464950
24478803
24484459
24484598
24484658
24485160
24486877
24493941
24495735
24495756
24504849
24507768
24507769
24513891
24518654
24526064
24526135
24526137
24557615
24557625
24565513
24571259
24579665
24579872
24589728
24591545
24593886
24601066
24601086
24604677
24610118
24610533
24612662
24612678
24612759
24613197
24631778
24641742
24641743
24641770
24642227
24642505
24642600
24644022
24644025
24653716
24656822
24656823
24674877
24674930
24674931
24675193
24688834
24688846
24697050
24697231
24704627
24704689
24704697
24719233
24720381
24739083
24741662
24742076
24742374
24742901
24742902
24754129
24754137
24755399
24755401
24763758
24766022
24786692
24787583
24798679
24798775
24799086
24800483
24801316
24808049
24808847
24812379
24812758
24818828
24818842
24819779
24821504
24828253
24828255
24835737
24835858
24835994
24846719
24853816
24865172
24867339
24867502
24867958
24867994
24877996
24891803
24891804
24902528
24902934
24913864
24921928
24922304
24922665
24922941
24922999
24923160
24924481
24924489
24924805
24931465
24931757
24932180
24947891
24956004
24956089
24957037
24959248
24968006
24968039
24973305
24973344
24980855
24981142
24983027
24983238
24996066
24996581
24997187
24997232
25005091
25005220
25005857
25045680
25051890
25051957
25052106
25052246
25052293
25054415
25054646
25069873
25069915
25070256
25076909
25077313
25077951
25082951
25088725
25089008
25089074
25101712
25106432
25106551
25106574
25106633
25119599
25124142
25124476
25138923
25138925
25138993
25140952
25160070
25160964
25161010
25163995
25163996
25171885
25178000
25188799
25195038
25195056
25197375
25199297
25211358
25213296
25215342
25221699
25222262
25222296
25222573
25222617
25235019
25235063
25236573
25236594
25250997
25251672
25252458
25263227
25268574
25268652
25268673
25268698
25271994
25286297
25295498
25295532
25306441
25311526
25323370
25323546
25336780
25336811
25336893
25343421
25353890
25354210
25355027
25355614
25355760
25355890
25367531
25367720
25367750
25369984
25369985
25372818
25381906
25381973
25383781
25383837
25383866
25384714
25384876
25384993
25385313
25406777
25406826
25408774
25409183
25413519
25414932
25414936
25417102
25426107
25426306
25440893
25441306
25441308
25441940
25442282
25442623
25442941
25442994
25444717
25451475
25451486
25451487
25451493
25451884
25454261
25474245
25474271
25475966
25476081
25476084
25476149
25478987
25493595
25494423
25504636
25504669
25504732
25505089
25519100
25519125
25519415
25520596
25520706
25522820
25530557
25558888
25561278
25562346
25571548
25573437
25573658
25587062
25587145
25598353
25599244
25599363
25599412
25613170
25625420
25631407
25636491
25636685
25639595
25639662
25652605
25663884
25663971
25664045
25666728
25692536
25692685
25692772
25700789
25700790
25700957
25702575
25719553
25727796
25727881
25727951
25728141
25728226
25729096
25729523
25740563
25740624
25742174
25742203
25777160
25777579
25785807
25786592
25786614
25789999
25790005
25798241
25810762
25810764
25812404
25840899
25841127
25841143
25845505
25848617
25849606
25866089
25881414
25881425
25882138
25888932
25890112
25890123
25890329
25890331
25890338
25892868
25893894
25893939
25894038
25917870
25917871
25917899
25917969
25922616
25922705
25922708
25922737
25926289
25938085
25938149
25938486
25938567
25939511
25946215
25953757
25953767
25954693
25955733
25968320
25968426
25968986
25971418
25973200
25973215
25973311
25973326
25980161
25981245
25982446
25991627
25991632
25991659
26001273
26001419
26001527
26004041
26004451
26013468
26013632
26013636
26013640
26017029
26017039
26019585
26019593
26019986
26020202
26022191
26029448
26029895
26044959
26045057
26045723
26045824
26047487
26047495
26069792
26069794
26078324
26082732
26097868
26099596
26099771
26099912
26099913
26111215
26111650
26113037
26120650
26124514
26124528
26127652
26133877
26133897
26133974
26144957
26146967
26148269
26164244
26164274
26164303
26164305
26164335
26192617
26210080
26226601
26226770
26276032
26276927
26277069
26288280
26290080
26290166
26369708
26372674
26373652
26373653
26379714
26381253
26381565
26383215
26392972
26393010
26393031
26394745
26394746
26394979
26407806
26407857
26407992
26407993
26408233
26408238
26414343
26414412
26417125
26427993
26431680
26431691
26455760
26455761
26457078
26457152
26469771
26471411
26473047
26485393
26491079
26491190
26491242
26506865
26507662
26507681
26507951
26517637
26521434
26521952
26522134
26522177
26545238
26545246
26546702
26557790
26557791
26560192
26561207
26564839
26564847
26564986
26565074
26569998
26594295
26594339
26594344
26594438
26594759
26594773
26597398
26597483
26607171
26611693
26623148
26625713
26630332
26630333
26633687
26633766
26633808
26638114
26638122
26653810
26655161
26655530
26666143
26666186
26666257
26666298
26666489
26679480
26679936
26684196
26698013
26708691
26718262
26718365
26718366
26718499
26718502
26719095
26720691
26735047
26735390
26735476
26747378
26747800
26747858
26749274
26749401
26762128
26762478
26762551
26777332
26784450
26795532
26799807
26814569
26814995
26830259
26830284
26830285
26830369
26844544
26865303
26874792
26877681
26882738
26902240
26902241
26902298
26903423
26916860
26916953
26923238
26923378
26923423
26929258
26947087
26948413
26948481
26962136
26973369
26973435
26973492
26975331
26975483
26989904
26989968
26991625
26991702
26991722
27000324
27015191
27031184
27031977
27032053
27032891
27033252
27044032
27044084
27048463
27048555
27048556
27048589
27053337
27053483
27053674
27053782
27071047
27071493
27071531
27073949
27073950
27074127
27083886
27083966
27106131
27106158
27121714
27122253
27125106
27130380
27131618
27142081
27145136
27160021
27160076
27160078
27179236
27197425
27197513
27214487
27214516
27214569
27214594
27226953
27231662
27231664
27233090
27233345
27237171
27237208
27237244
27237292
27237529
27254376
27254377
27254502
27256847
27256874
27258537
27269641
27285163
27286688
27287183
27287291
27303099
27303319
27306383
27324632
27324633
27324636
27324656
27324888
27329604
27329676
27345697
27346227
27346230
27363360
27363387
27363515
27363587
27367386
27395744
27397880
27400039
27415244
27415418
27421341
27421458
27441060
27450787
27452150
27464107
27464233
27464404
27464452
27464630
27497078
27500402
27500480
27506417
27545223
27545227
27547150
27564553
27573457
27573459
27573545
27573546
27573554
27573576
27576941
27576997
27593677
27593786
27593837
27593895
27600766
27600966
27618620
27623117
27632287
27635339
27636305
27636519
27647240
27647801
27654446
27655941
27682410
27691727
27693172
27700924
27711133
27711134
27714269
27714542
27715637
27715913
27715968
27729023
27729103
27730701
27733280
27752422
27765306
27766052
27767086
27783945
27796724
27800055
27811754
27811760
27811788
27811852
27812368
27833744
27833775
27836806
27836925
27856562
27856713
27858982
27870308
27871904
27872090
27876526
27900508
27900573
27900658
27900759
27907903
27908080
27908881
27909212
27909483
27909854
27914372
27915832
27916941
27916972
27929696
27929699
27929817
27944605
27947230
27961447
27961574
27963877
27964087
27975127
27975171
27975736
27975924
27986292
27996215
27999158
27999224
27999264
28009803
28009952
28019255
28019423
28020827
28020910
28020940
28021046
28033029
28033079
28033117
28034260
28034323
28034360
28038170
28038527
28038568
28038696
28053343
28055777
28065420
28066871
28067011
28067041
28074016
28074214
28082998
28098978
28122481
28122633
28122849
28131477
28142825
28142828
28149401
28161751
28161835
28162416
28195929
28198019
28211478
28212825
28225158
28225578
28227414
28227572
28227615
28227755
28240969
28241507
28250176
28250924
28251269
28251663
28253371
28283819
28284423
28284429
28286069
28296375
28296412
28296934
28300615
28303401
28312596
28312720
28313081
28313969
28315611
28315685
28327486
28328367
28328543
28328618
28341242
28341870
28342564
28342622
28343306
28346422
28346457
28363325
28363332
28385507
28402117
28402167
28402267
28403470
28429465
28431485
28452728
28452739
28452817
28463935
28470106
28470231
28470323
28477263
28478486
28478524
28479684
28479936
28492634
28494672
28497635
28498264
28498384
28510324
28522933
28524844
28542470
28542518
28550728
28550781
28551194
28554193
28570679
28570742
28570749
28584606
28586474
28602708
28609283
28619956
28620011
28652255
28652351
28652353
28652526
28654445
28665011
28665243
28665614
28665837
28665847
28666236
28668636
28686204
28699815
28699926
28700510
28714348
28717065
28717121
28733656
28736212
28736342
28752552
28753348
28753538
28753871
28753900
28753901
28755537
28755573
28755759
28767523
28784233
28784825
28784883
28785217
28785368
28785395
28785491
28785846
28787157
28799936
28799937
28823595
28841816
28842059
28842936
28843001
28843581
28852509
28852517
28852871
28866358
28866450
28876705
28892684
28892787
28949485
28951392
28979467
28979494
28979535
28979697
29000810
29001017
29002069
29006538
29006589
29022498
29024636
29025528
29025923
29026114
29053265
29053350
29053403
29053951
29069633
29070060
29073060
29073371
29088059
29089002
29089716
29110529
29110552
29110721
29110851
29134326
29134347
29134383
29134385
29134386
29159055
29188946
29189275
29225715
29225893
29227141
29228755
29229213
29230249
29231284
29274205
29275428
29275621
29279113
29296162
29296780
29298278
29299978
29300195
29333597
29361578
29376611
29377315
29377471
29379443
29398965
29399542
29399646
29412373
29412374
29412626
29430848
29432082
29433452
29434222
29434321
29434899
29434901
29452569
29462923
29463116
29469140
29471934
29472803
29472925
29478463
29489130
29489688
29491396
29494112
29507039
29507155
29508115
29508496
29525603
29525665
29525979
29526108
29526150
29526185
29545864
29550803
29567646
29576357
29576359
29576587
29576626
29587761
29587891
29588138
29588328
29598145
29598631
29679267
29679611
29682251
29684661
29684910
29687543
29687931
29727466
29734683
29750973
29770336
29793166
29797706
29797730
29809088
29813556
29813581
29815299
29830433
29834678
29835046
29835887
29835888
29850609
29852930
29854941
29878535
29878780
29878842
29879952
29921474
29927330
29933692
29934255
29934353
29934657
29943025
29944637
29957427
29958213
29960720
29978458
29978738
29978747
29980558
29980652
29980653
29981606
29982024
29997503
29997602
29999852
30000574
30000701
30001115
30002182
30022570
30025755
30026077
30049684
30049768
30049919
30064422
30064476
30082619
30082736
30082746
30082756
30082774
30082777
30082782
30083646
30084345
30084547
30087922
30088089
30091354
30099258
30100408
30107519
30110013
30110658
30110852
30131272
30166756
30166962
30177673
30178490
30178831
30194544
30198807
30203494
30203503
30233761
30233987
30234411
30234729
30240250
30251239
30252717
30255907
30277642
30277713
30277753
30277813
30286699
30292581
30295386
30308227
30311606
30312191
30312650
30329160
30329539
30332643
30344726
30345639
30361476
30363300
30382212
30387724
30387731
30387827
30387944
30404315
30406348
30416330
30418661
30422080
30436467
30452786
30456414
30456938
30466059
30466542
30485159
30492148
30492708
30506280
30508783
30515110
30520769
30525325
30526387
30543401
30552864
30560974
30562564
30562956
30563718
30564884
30580913
30581072
30581074
30581860
30581871
30608596
30608926
30620097
30627242
30627574
30638587
30638849
30642086
30643964
30644312
30659349
30663769
30666013
30681138
30682736
30686489
30686612
30686613
30689487
30705806
30731017
30731029
30731117
30731146
30742321
30748909
30751736
30751753
30751976
30752954
30760850
30772212
30772217
30772436
30782337
30784771
30784833
30784835
30799298
30800349
30826161
30826282
30826285
30826357
30842582
30844247
30857864
30858223
30860317
30862847
30863335
30871762
30872675
30872961
30876887
30879556
30881552
30901494
30908794
30908931
30908932
30908934
30909484
30911109
30915413
30933355
30935031
30935342
30936863
30949877
30957698
30957805
30957872
30957880
30957881
30957892
30958043
30960960
30998034
31008205
31020112
31020708
31021962
31041807
31047390
31047522
31047970
31048109
31048471
31049191
31049206
31069781
31069890
31087202
31087608
31098884
31104780
31104930
31122838
31122856
31122857
31122858
31122867
31122877
31125595
31125842
31126495
31141578
31144669
31145269
31145329
31176529
31176792
31176796
31183071
31183417
31183582
31187026
31187054
31187126
31187262
31187405
31187560
31187864
31187983
31188108
31203198
31217726
31218066
31218831
31218907
31235805
31235891
31235959
31237719
31237721
31237722
31237726
31237727
31237743
31237770
31237801
31237828
31240331
31254710
31261450
31261500
31279165
31280354
31297671
31297872
31314560
31328608
31329027
31329200
31329493
31333345
31348826
31370340
31370342
31374294
31388661
31389476
31411512
31411573
31411795
31419697
31420182
31420357
31420916
31420933
31440363
31440901
31446596
31449389
31461231
31478809
31493790
31493928
31493932
31493936
31493939
31497228
31498101
31498325
31498368
31525973
31566530
31566803
31576212
31578278
31578280
31591622
31634077
31634294
31643723
31650625
31651446
31668188
31668724
31669528
31669836
31700589
31701500
31705047
31705146
31705170
31705193
31705200
31707068
31718892
31742498
31742545
31752531
31753219
31755721
31755764
31755826
31756203
31783203
31813184
31813468
31815373
31815393
31815544
31818021
31818022
31820705
31821073
31821368
31834483
31843160
31843180
31849539
31869104
31873208
31882552
31882872
31921670
31928459
31933961
31980772
31980928
32017057
32018477
32019226
32021370
32021893
32026068
32074621
32074627
32081848
32103955
32108285
32108300
32108823
32134923
32163652
32209796
32210272
32210274
32210275
32210276
32224688
32230375
32256041
32256343
32271630
32271736
32272053
32276583
32277151
32280280
32293455
32298505
32298668
32311524
32330554
32330574
32332081
32333076
32338049
32350036
32350089
32368339
32391869
32391895
32391897
32392080
32395406
32408614
32434830
32434882
32434965
32452839
32466956
32471210
32486220
32486241
32486382
32486476
32505637
32508046
32526148
32528399
32528416
32528544
32528789
32530157
32544274
32551344
32551427
32551882
32551883
32564500
32565438
32566256
32566877
32566878
32566879
32566930
32567086
32580708
32580866
32581032
32581274
32601073
32607205
32607225
32626623
32627318
32651642
32651721
32651992
32653056
32653342
32662293
32668570
32679349
32683333
32683368
32683425
32683501
32696386
32698243
32698250
32714970
32715177
32715282
32715339
32715548
32717468
32717597
32734798
32740226
32755173
32778363
32778393
32778465
32784901
32786925
32803973
32822286
32822516
32822931
32825567
32840358
32840601
32840608
32840905
32840909
32841016
32841643
32863828
32863991
32864144
32888455
32889123
32889334
32891147
32891349
32900278
32900390
32914405
32917897
32930118
32945221
32945978
32946134
32952177
32968614
32969005
32991887
32992162
33022320
33028083
33049500
33073260
33081253
33087520
33087521
33088057
33088058
33094858
33098297
33098486
33098603
33119942
33121878
33138962
33139823
33139894
33140027
33140308
33140309
33140436
33148231
33150399
33151859
33171356
33171370
33171393
33190450
33190459
33190529
33190531
33190573
33196705
33196899
33196900
33197030
33197249
33200780
33215134
33236310
33248816
33249166
33249966
33251669
33272660
33275303
33292083
33301926
33302152
33302284
33302398
33302663
33303219
33303269
33313784
33314881
33317242
33318392
33318509
33332973
33334238
33350166
33351742
33389531
33389649
33395962
33396193
33396224
33397193
33400054
33400057
33400058
33414373
33414522
33414588
33420893
33421034
33421262
33421891
33430449
33431459
33431549
33445729
33449648
33450211
33465603
33494842
33496063
33496251
33517559
33523203
33523432
33523994
33524364
33524569
33534558
33534602
33535175
33536218
33538244
33538321
33551602
33552518
33552523
33564491
33564492
33567024
33567223
33567278
33572812
33572887
33572888
33573143
33573144
33573598
33577627
33598407
33598693
33598873
33599206
33599228
33603793
33603807
33605255
33611770
33618820
33619000
33620863
33634795
33635001
33635002
33657558
33676017
33676212
33676301
33676712
33677485
33677748
33691814
33702894
33702936
33718692
33728000
33731934
33731939
33731986
33732006
33738244
33747239
33754078
33757044
33757049
33767047
33782083
33782197
33782431
33784692
33797525
33797685
33797690
33810183
33816893
33816918
33820687
33820767
33830279
33830399
33830532
33830759
33831372
33837744
33838721
33842125
33842126
33856849
33856902
33856905
33861341
33872591
33876022
33876169
33877736
33877836
33877907
33886686
33886803
33886918
33900861
33901174
33906620
33907884
33926605
33926640
33926890
33928426
33928579
33929490
33939144
33954452
33956335
33968694
33974429
33979001
33985547
33992750
33994641
34004275
34004283
34004876
34005863
34006103
34008833
34013539
34013694
34019731
34021516
34032800
34033615
34049231
34049232
34054945
34054946
34055118
34060548
34062913
34063895
34072777
34088881
34089054
34089119
34089120
34089139
34101307
34101408
34105771
34118894
34119138
34119824
34147722
34147837
34147966
34148142
34148265
34165974
34169025
34170026
34181448
34189287
34189981
34190689
34201647
34202667
34216526
34244074
34251437
34251477
34251524
34251645
34251766
34251851
34252010
34252408
34261283
34278583
34278938
34279295
34279852
34280720
34299468
34301045
34302663
34303982
34304637
34305489
34305643
34322605
34322612
34322618
34324315
34327696
34344952
34347763
34348322
34349776
34376154
34396097
34401337
34417377
34417753
34435186
34439730
34452513
34452602
34453085
34456349
34456354
34456366
34482274
34482363
34488636
34488701
34488740
34498093
34499542
34499763
34500188
34500375
34508924
34508928
34518404
34548811
34564779
34565791
34566846
34602483
34602484
34602498
34602635
34602662
34603224
34614353
34626752
34646791
34658705
34658907
34671273
34671511
34674822
34677911
34713528
34715635
34731483
34773815
34775621
34775658
34775989
34777875
34781760
34815032
34832702
34832704
34844589
34844638
34844726
34850697
34851340
34913500
34914165
34928749
34929614
34945247
34947002
34947424
34959560
34959564
34959567
34967402
34967427
34974208
34979531
34979989
34980623
34980683
34984538
34984907
34985264
34985978
34991171
34991175
34991656
35008364
35013672
35023420
35024529
35027081
35036378
35037066
35039978
35046015
35046693
35059562
35059689
35070002
35070105
35070789
35075004
35075005
35082754
35082791
35082900
35084411
35084994
35085565
35098147
35109052
35118974
35120589
35130172
35130739
35130946
35131048
35131985
35137710
35137886
35152123
35152197
35152237
35159023
35162675
35162770
35167509
35167747
35175494
35179752
35179798
35179842
35191408
35195321
35195545
35197031
35209694
35212871
35224012
35224994
35225353
35225488
35233478
35238384
35238478
35238547
35243373
35250073
35250300
35250939
35276996
35277692
35278266
35287677
35290041
35290318
35292358
35305865
35307479
35307876
35309449
35312632
35322790
35342445
35342476
35342755
35349312
35349412
35350781
35352765
35353440
35356663
35357044
35357816
35366693
35375724
35390778
35390909
35391406
35392275
35393018
35397082
35404236
35405020
35406612
35406705
35428496
35428761
35451104
35451145
35459887
35465471
35465525
35465821
35481451
35482228
35498286
35498441
35498911
35505304
35517854
35518708
35518751
35533459
35534133
35537062
35541079
35554324
35560837
35569853
35571176
35575239
35576655
35576853
35577634
35578212
35578597
35578867
35578924
35589008
35589404
35589408
35594221
35594240
35594348
35594369
35595830
35595831
35595911
35596709
35596713
35596718
35596729
35596773
35596774
35596775
35596899
35596904
35596914
35597053
35597058
35597166
35597168
35597470
35597484
35597513
35597537
35605296
35607938
35608189
35609014
35609164
35609340
35609346
35612922
35613028
35616330
35624476
35627120
35650151
35650810
35651018
35673693
35673778
35673842
35674090
35674092
35674093
35674099
35674270
35680342
35680888
35684384
35686600
35686955
35691947
35702232
35705228
35717668
35722735
35734080
35734226
35734227
35738689
35739192
35755004
35755730
35757031
35785770
35792639
35792664
35795487
35795887
35798762
35811717
35812605
35813297
35818649
35818651
35818907
35834405
35834491
35834777
35841451
35851658
35853995
35865711
35867212
35868290
35872498
35872511
35881810
35892387
35897500
35905157
35905180
35905510
35910327
35910725
35918488
35918634
35920844
35923596
35923800
35924497
35925572
35925875
35937402
35941969
35942108
35957642
35957699
35957725
35957817
35957934
35958068
35970907
35971069
35971957
35976834
35982439
35982553
35982842
35982971
35983432
35997699
35997737
35997944
35998496
36002976
36010074
36010992
36012372
36025916
36026596
36027105
36027660
36027869
36028442
36039353
36044748
36044749
36060224
36063891
36075529
36076042
36078265
36078633
36078865
36080490
36085302
36099742
36099752
36099753
36099757
36099805
36099807
36106587
36107741
36110019
36110195
36111838
36111848
36112390
36118358
36119381
36136804
36137002
36138274
36139781
36139819
36140312
36142337
36156509
36168941
36170147
36170285
36183551
36183589
36183603
36192146
36192163
36200215
36214892
36214929
36214937
36214952
36215100
36215602
36217219
36217225
36226582
36230055
36230380
36230568
36230815
36234356
36235119
36235247
36244149
36244266
36249168
36262992
36263838
36263930
36266818
36266925
36270220
36285776
36286187
36286190
36286353
36286361
36289093
36290187
36290188
36290589
36290638
36290825
36306611
36306839
36310031
36310055
36310234
36313168
36320579
36320586
36336828
36336829
36342170
36345174
36347154
36347156
36349075
36373515
36373648
36373880
36378277
36378367
36383155
36383266
36385959
36397327
36397625
36400196
36401921
36402405
36402482
36403101
36403599
36411242
36414072
36414336
36414672
36425516
36428361
36428405
36428989
36449588
36449760
36463867
36463935
36466664
36467010
36476050
36476279
36476308
36477502
36477559
36477830
36478461
36480064
36480132
36480133
36480488
36497098
36497364
36510440
36510441
36510451
36511175
36511264
36511384
36512062
36512115
36512235
36512429
36512909
36512991
36513425
36513591
36520648
36523586
36523603
36523738
36523739
36528229
36529527
36529528
36531143
36531144
36531329
36550738
36569036
36577794
36584787
36594503
36639077
36639348
36639723
36652195
36653081
36656807
36663903
36665855
36668113
36668306
36670942
36685293
36687564
36689562
36690261
36691447
36692809
36693038
36715084
36715172
36719250
36719418
36724139
36725098
36744621
36752067
36753075
36753245
36765839
36768252
36768891
36769916
36770571
36784138
36802465
36822359
36822534
36822627
36825700
36838598
36841075
36841120
36841163
36841167
36842752
36842754
36842888
36843559
36843675
36859725
36859909
36859922
36860192
36885893
36885904
36903357
36903394
36912507
36914411
36914798
36915146
36923329
36926950
36927505
36927527
36928330
36928670
36929681
36930364
36930980
36944110
36944149
36944205
36946325
36946367
36947773
36960576
36960624
36960688
36963891
36975401
36975407
36986304
37003303
37005124
37005475
37005964
37006189
37025421
37025459
37028721
37032702
37035242
37036208
37036209
37036264
37064333
37064538
37064545
37064554
37064561
37064590
37064671
37068326
37068442
37068443
37068455
37068796
37069300
37069306
37069312
37069496
37076449
37076457
37076488
37088518
37090318
37090563
37090581
37090678
37090692
37100658
37100660
37100688
37100771
37102474
37102592
37104822
37119928
37120165
37123678
37125897
37125973
37137915
37138162
37141169
37141391
37143333
37143334
37151901
37162290
37162324
37178839
37197818
37197819
37198478
37199625
37199932
37200000
37200096
37213203
37213994
37235372
37235381
37235465
37235494
37237243
37237278
37247215
37253212
37253227
37253341
37260079
37263931
37270426
37278552
37278633
37278669
37278690
37282704
37292726
37292837
37296306
37298825
37299636
37299726
37299728
37308670
37309435
37309783
37310502
37326418
37326446
37326556
37326627
37334738
37350755
37351624
37352408
37358279
37369642
37369643
37369897
37377187
37390669
37393841
37408736
37409183
37410412
37416725
37417204
37420001
37428180
37432621
37432737
37433461
37433536
37433538
37436382
37436384
37436466
37442769
37446720
37446777
37447383
37447467
37458552
37462448
37462643
37462729
37469572
37476772
37476818
37476843
37490870
37490943
37490945
37491086
37491125
37498188
37499934
37514614
37515234
37515495
37516278
37516279
37516283
37516284
37516461
37525834
37528222
37528306
37534257
37541102
37545228
37556260
37556271
37556314
37556350
37562142
37576650
37576663
37576680
37580933
37580959
37582961
37590211
37619909
37619910
37623682
37623787
37624103
37627017
37643204
37643912
37645575
37645693
37650069
37650715
37651931
37654565
37666580
37666845
37666967
37669695
37670294
37670317
37670471
37676696
37677057
37682458
37685249
37685344
37696658
37696696
37696801
37696825
37698320
37711618
37713380
37713828
37726672
37726724
37726729
37726808
37741940
37743061
37761391
37761393
37768059
37769846
37770190
37771843
37772197
37773358
37787099
37787125
37787188
37787219
37787325
37801704
37805645
37805659
37806417
37806768
37807517
37817895
37837781
37837869
37838227
37838363
37838532
37838770
37838914
37857147
37857148
37857181
37857236
37859616
37860271
37860870
37861013
37861218
37864468
37864791
37865085
37867170
37882952
37882963
37885009
37896171
37898725
37898734
37898800
37900104
37913860
37917406
37919249
37921827
37927673
37928212
37946532
37956169
37956174
37981790
37981956
37984228
37999510
37999655
37999656
37999748
37999772
38001490
38002550
38004250
38004342
38004437
38004748
38004976
38010363
38012017
38014810
38015258
38016479
38034628
38034643
38035034
38035055
38035284
38041835
38045108
38048457
38048510
38058829
38088202
38104233
38104939
38121568
38121869
38121979
38122162
38124089
38124350
38136419
38139107
38139108
38139110
38139143
38151778
38162118
38162145
38166073
38166671
38167999
38172250
38172265
38177607
38177673
38179796
38180805
38181227
38182437
38195179
38195238
38218972
38219004
38219059
38219257
38219342
38219344
38219345
38219484
38219487
38231223
38232861
38241887
38242229
38243112
38243282
38246824
38264821
38270242
38270246
38275409
38293506
38293554
38293814
38293859
38296529
38298688
38298691
38319920
38319921
38319922
38319941
38320042
38320077
38320097
38320227
38320237
38320242
38330901
38330934
38347073
38347212
38350666
38350719
38351089
38351422
38353140
38353240
38353415
38353437
38362663
38362784
38366296
38369954
38370047
38408240
38408434
38408462
38408583
38408585
38413185
38420699
38421129
38421337
38421560
38421561
38421565
38449058
38450574
38453634
38453696
38453706
38454088
38454099
38454151
38467331
38486086
38486089
38486239
38497905
38499963
38500277
38500504
38500557
38500634
38500787
38501169
38503628
38525088
38525117
38525188
38526932
38526935
38526937
38526962
38527069
38536911
38538703
38548834
38548865
38548904
38549051
38551178
38551351
38567006
38569483
38577016
38589148
38589151
38592856
38592990
38600494
38600713
38600842
38600928
38601037
38601754
38601921
38602060
38626300
38626421
38626483
38627578
38627579
38638350
38643596
38643599
38645279
38656022
38658575
38658734
38658736
38662003
38679111
38679121
38691777
38695862
38695863
38697962
38700653
38706389
38707785
38727125
38727861
38732988
38736642
38737102
38746386
38758214
38759843
38759845
38761879
38785027
38797118
38797194
38803645
38804072
38804073
38818605
38844510
38844511
38844984
38855069
38862693
38862972
38863571
38863696
38865018
38877541
38879505
38879868
38919812
38919981
38923441
38923463
38923532
38923564
38923591
38934255
38935274
38936766
38937291
38937790
38949480
38952117
38971477
38971481
39003314
39005274
39005508
39005518
39005593
39005683
39011728
39011771
39019360
39029211
39030120
39030369
39030735
39031083
39036182
39045408
39045778
39045779
39045908
39052380
39068447
39068490
39068539
39073209
39074975
39075058
39075059
39082191
39091712
39091930
39101480
39107892
39109491
39109955
39109974
39110252
39111656
39128837
39128838
39128975
39128976
39129336
39129467
39129470
39129499
39139879
39157893
39157942
39161000
39162141
39192741
39199808
39208267
39208557
39208740
39220162
39222055
39222151
39224388
39243079
39243088
39243092
39243115
39246637
39259347
39261843
39263693
39286701
39286753
39286810
39286862
39288899
39295720
39296241
39311597
39332227
39346824
39349236
39352629
39364828
39364884
39366024
39367140
39368754
39387194
39478687
39478713
39488575
39493090
39493091
39493194
39493214
39493309
39514067
39520172
39525233
39525390
39536674
39546629
39561657
39561806
39564436
39564656
39564723
39574518
39575441
39577665
39589249
39589988
39591228
39641948
39643434
39651105
39653471
39659151
39673214
39673215
39673963
39690827
39691169
39709583
39711988
39712245
39718888
39718933
39725482
39729012
39730472
39740880
39748636
39748760
39748797
39753610
39756881
39757082
39757364
39774475
39774625
39779775
39809536
39809544
39809548
39813674
39815761
39832444
39833701
39835310
39837326
39837695
39846979
39879500
39879630
39879691
39893250
39893297
39893312
39895030
39895442
39896297
39896483
39911252
39911591
39911872
39914206
39916675
39917796
39917990
39918022
39936430
39937101
39938186
39939471
39943332
39948271
39957778
39957838
39976823
39976928
39980930
39981040
39981041
39981044
39982915
39982916
39983129
39989188
40000268
40000433
40000682
40002617
40003590
40020167
40021191
40021193
40037856
40037948
40041371
40046462
40052256
40052257
40057361
40057410
40057413
40069819
40127133
40131899
40132060
40132063
40139813
40146411
40146459
40153656
40153729
40157861
40180430
40182812
40210549
40210864
40210881
40221991
40222216
40226239
40227418
40234274
40234516
40234946
40234966
40238148
40266558
40266639
40266640
40267441
40267662
40267690
40275614
40276112
40295014
40295078
40295420
40298705
40318299
40318305
40318626
40322989
40331434
40332516
40342785
40356071
40381663
40382327
40382333
40382395
40387461
40387851
40388021
40388063
40390016
40390110
40390191
40402950
40404820
40435042
40439836
40439837
40439840
40439972
40440116
40440388
40457990
40458387
40482308
40482349
40482659
40483003
40489920
40490177
40491533
40510973
40512697
40523955
40523956
40527048
40527050
40527105
40529083
40530168
40530246
40548907
40549512
40549534
40549778
40561692
40562037
40563230
40581903
40594369
40594377
40594408
40594498
40594527
40596768
40597239
40597341
40618680
40620601
40632966
40633350
40637823
40637889
40640450
40659665
40660194
40660443
40660944
40704169
40704215
40706165
40706169
40711555
40727441
40731883
40742703
40742791
40744275
40746647
40746741
40746970
40748054
40748870
40749313
40766991
40767030
40768351
40768432
40768618
40769102
40778615
40778625
40778774
40781399
40781892
40784021
40803278
40804169
40804179
40804183
40804366
40825792
40826753
40826840
40831262
40831849
40832767
40832991
40833084
40834214
40834516
40846656
40846954
40849563
40849654
40853985
40854377
40871838
40871908
40872186
40872921
40873507
40915925
40917280
40917434
40917508
40918063
40918190
40918209
40921258
40921336
40921629
40922009
40922128
40922365
40930010
40930317
40930774
40930804
40934467
40935530
40935531
40936117
40954009
40954011
40954022
40954035
40960537
40960953
40984542
40986418
40987023
40987051
40988538
40988809
41003930
41043724
41043770
41043866
41043930
41043931
41044232
41067923
41069038
41072205
41073142
41095937
41095939
41095942
41095960
41096024
41096025
41096028
41096292
41110218
41110699
41118669
41119760
41120596
41120656
41120657
41136271
41136726
41136869
41140227
41156923
41156932
41156940
41156950
41156953
41156969
41157018
41157024
41157289
41163623
41164851
41169584
41170156
41172747
41181167
41181381
41206402
41206424
41207448
41207458
41213033
41213039
41213040
41233828
41234816
41234823
41243260
41248066
41249204
41249205
41250111
41251614
41261824
